 100
1 5272.000000 3090.000000 0.000000
2 5249.959596 3113.636364 0.000000
3 5227.919192 3137.272727 0.000000
4 5205.878788 3160.909091 0.000000
5 5183.838384 3184.545455 0.000000
6 5161.797980 3208.181818 0.000000
7 5139.757576 3231.818182 0.000000
8 5117.717172 3255.454545 0.000000
9 5095.676768 3279.090909 0.000000
10 5073.636364 3302.727273 0.000000
11 5051.595960 3326.363636 0.000000
12 5029.555556 3350.000000 0.000000
13 5007.515152 3373.636364 0.000000
14 4985.474747 3397.272727 0.000000
15 4963.434343 3420.909091 0.000000
16 4941.393939 3444.545455 0.000000
17 4919.353535 3468.181818 0.000000
18 4897.313131 3491.818182 0.000000
19 4875.272727 3515.454545 0.000000
20 4853.232323 3539.090909 0.000000
21 4831.191919 3562.727273 0.000000
22 4809.151515 3586.363636 0.000000
23 4787.111111 3610.000000 0.000000
24 4765.070707 3633.636364 0.000000
25 4743.030303 3657.272727 0.000000
26 4720.989899 3680.909091 0.000000
27 4698.949495 3704.545455 0.000000
28 4676.909091 3728.181818 0.000000
29 4654.868687 3751.818182 0.000000
30 4632.828283 3775.454545 0.000000
31 4610.787879 3799.090909 0.000000
32 4588.747475 3822.727273 0.000000
33 4566.707071 3846.363636 0.000000
34 4544.666667 3870.000000 0.000000
35 4522.626263 3893.636364 0.000000
36 4500.585859 3917.272727 0.000000
37 4478.545455 3940.909091 0.000000
38 4456.505051 3964.545455 0.000000
39 4434.464646 3988.181818 0.000000
40 4412.424242 4011.818182 0.000000
41 4390.383838 4035.454545 0.000000
42 4368.343434 4059.090909 0.000000
43 4346.303030 4082.727273 0.000000
44 4324.262626 4106.363636 0.000000
45 4302.222222 4130.000000 0.000000
46 4280.181818 4153.636364 0.000000
47 4258.141414 4177.272727 0.000000
48 4236.101010 4200.909091 0.000000
49 4214.060606 4224.545455 0.000000
50 4192.020202 4248.181818 0.000000
51 4169.979798 4271.818182 0.000000
52 4147.939394 4295.454545 0.000000
53 4125.898990 4319.090909 0.000000
54 4103.858586 4342.727273 0.000000
55 4081.818182 4366.363636 0.000000
56 4059.777778 4390.000000 0.000000
57 4037.737374 4413.636364 0.000000
58 4015.696970 4437.272727 0.000000
59 3993.656566 4460.909091 0.000000
60 3971.616162 4484.545455 0.000000
61 3949.575758 4508.181818 0.000000
62 3927.535354 4531.818182 0.000000
63 3905.494949 4555.454545 0.000000
64 3883.454545 4579.090909 0.000000
65 3861.414141 4602.727273 0.000000
66 3839.373737 4626.363636 0.000000
67 3817.333333 4650.000000 0.000000
68 3795.292929 4673.636364 0.000000
69 3773.252525 4697.272727 0.000000
70 3751.212121 4720.909091 0.000000
71 3729.171717 4744.545455 0.000000
72 3707.131313 4768.181818 0.000000
73 3685.090909 4791.818182 0.000000
74 3663.050505 4815.454545 0.000000
75 3641.010101 4839.090909 0.000000
76 3618.969697 4862.727273 0.000000
77 3596.929293 4886.363636 0.000000
78 3574.888889 4910.000000 0.000000
79 3552.848485 4933.636364 0.000000
80 3530.808081 4957.272727 0.000000
81 3508.767677 4980.909091 0.000000
82 3486.727273 5004.545455 0.000000
83 3464.686869 5028.181818 0.000000
84 3442.646465 5051.818182 0.000000
85 3420.606061 5075.454545 0.000000
86 3398.565657 5099.090909 0.000000
87 3376.525253 5122.727273 0.000000
88 3354.484848 5146.363636 0.000000
89 3332.444444 5170.000000 0.000000
90 3310.404040 5193.636364 0.000000
91 3288.363636 5217.272727 0.000000
92 3266.323232 5240.909091 0.000000
93 3244.282828 5264.545455 0.000000
94 3222.242424 5288.181818 0.000000
95 3200.202020 5311.818182 0.000000
96 3178.161616 5335.454545 0.000000
97 3156.121212 5359.090909 0.000000
98 3134.080808 5382.727273 0.000000
99 3112.040404 5406.363636 0.000000
100 3090.000000 5430.000000 0.000000
